,ot-ANN-224
0,1
1,0
2,0
3,1
4,1
5,1
6,0
7,1
8,0
9,0
10,1
11,0
12,1
13,1
14,0
15,0
16,1
17,0
18,0
19,1
20,1
21,0
22,0
23,0
24,1
25,0
26,1
27,0
28,1
29,1
30,1
31,0
32,1
33,0
34,0
35,1
36,0
37,0
38,1
39,1
40,0
41,0
42,1
43,1
44,0
45,1
46,1
47,0
48,1
49,1
50,1
51,1
52,0
53,1
54,0
55,1
56,1
57,0
58,0
59,0
60,0
61,0
62,1
63,1
64,1
65,0
66,1
67,0
68,0
69,0
70,0
71,0
72,1
73,0
74,0
75,1
76,1
77,0
78,1
79,1
80,0
81,1
82,0
83,1
84,1
85,0
86,0
87,1
88,1
89,1
90,0
91,0
92,0
93,1
94,0
95,1
96,0
97,0
98,0
99,0
100,1
101,0
102,1
103,0
104,1
105,0
106,1
107,0
108,0
109,0
110,1
111,0
112,0
113,0
114,0
115,1
116,1
117,1
118,0
119,0
120,0
121,0
122,1
123,0
124,0
125,0
126,1
127,1
128,0
129,1
130,0
131,0
132,0
133,1
134,0
135,0
136,0
137,0
138,0
139,0
140,0
141,0
142,0
143,0
144,1
145,0
146,0
147,0
148,1
149,1
150,1
151,1
152,1
153,1
154,1
155,0
156,0
157,1
158,0
159,0
160,0
161,1
162,1
163,0
164,0
165,0
166,1
167,1
168,1
169,1
170,1
171,1
172,0
173,0
174,1
175,1
176,0
177,1
178,1
179,1
180,0
181,0
182,0
183,0
184,1
185,1
186,1
187,0
188,0
189,0
190,1
191,1
192,1
193,1
194,0
195,0
196,1
197,1
198,1
199,0
200,1
201,0
202,0
203,0
204,0
205,0
206,0
207,1
208,0
209,0
210,0
211,0
212,0
213,1
214,0
215,1
216,1
217,1
218,1
219,1
220,1
221,0
222,1
223,0
224,1
225,0
226,0
227,0
228,0
229,0
230,1
231,1
232,1
233,0
234,0
235,1
236,1
237,0
238,1
239,0
240,0
241,0
242,0
243,0
244,1
245,0
246,0
247,1
248,1
249,0
250,0
251,1
252,1
253,0
254,1
255,0
256,0
257,1
258,0
259,1
260,1
261,1
262,0
263,1
264,1
265,0
266,0
267,1
268,1
269,1
270,1
271,0
272,1
273,1
274,1
275,0
276,0
277,1
278,0
279,1
280,0
281,0
282,1
283,1
284,0
285,0
286,0
287,0
288,0
289,0
290,0
291,1
292,0
293,1
294,1
295,0
296,1
297,1
298,1
299,1
300,1
301,0
302,1
303,0
304,1
305,0
306,0
307,1
308,1
309,1
310,0
311,0
312,0
313,0
314,1
315,0
316,0
317,0
318,1
319,0
320,0
321,0
322,0
323,1
324,1
325,0
326,0
327,0
328,1
329,0
330,1
331,1
332,0
333,0
334,1
335,0
336,1
337,0
338,0
339,0
340,1
341,1
342,1
343,1
344,1
345,0
346,0
347,1
348,0
349,1
350,0
351,0
352,0
353,0
354,1
355,0
356,0
357,1
358,0
359,0
360,0
361,1
362,1
363,0
364,0
365,0
366,0
367,1
368,1
369,1
370,0
371,0
372,1
373,0
374,1
375,1
376,1
377,1
378,0
379,0
380,0
381,1
382,1
383,0
384,1
385,0
386,1
387,0
388,1
389,0
390,1
391,1
392,1
393,0
394,0
395,1
396,0
397,0
398,0
399,1
400,0
401,1
402,0
403,0
404,0
405,0
406,0
407,0
408,0
409,0
410,1
411,1
412,1
413,1
414,1
415,0
416,1
417,0
418,1
419,1
420,1
421,0
422,0
423,0
424,1
425,0
426,1
427,0
428,0
429,1
430,1
431,0
432,1
433,1
434,1
435,1
436,1
437,0
438,0
439,1
440,0
441,1
442,1
443,1
444,0
445,0
446,0
447,0
448,1
449,0
450,1
451,1
452,0
453,0
454,1
455,1
456,0
457,0
458,0
459,1
460,0
461,1
462,1
463,0
464,1
465,0
466,1
467,1
468,0
469,1
470,1
471,0
472,1
473,0
474,0
475,1
476,0
477,1
478,0
479,1
480,0
481,1
482,0
483,1
484,0
485,1
486,1
487,1
488,1
489,0
490,1
491,0
492,0
493,1
494,0
495,0
496,0
497,1
498,0
499,0
500,0
501,0
502,0
503,1
504,0
505,0
506,0
507,1
508,1
509,0
510,1
511,0
512,0
513,0
514,1
515,1
516,0
517,1
518,1
519,0
520,1
521,0
522,1
523,1
524,0
525,0
526,1
527,0
528,0
529,1
530,1
531,1
532,1
533,1
534,1
535,0
536,1
537,1
538,0
539,1
540,1
541,0
542,1
543,0
544,0
545,1
546,1
547,0
548,1
549,0
550,1
551,0
552,0
553,1
554,0
555,0
556,0
557,0
558,0
559,1
560,1
561,1
562,1
563,0
564,0
565,0
566,1
567,1
568,1
569,0
570,0
571,1
572,1
573,0
574,1
575,1
576,0
577,0
578,1
579,0
580,0
581,1
582,0
583,0
584,0
585,0
586,1
587,1
588,1
589,0
590,0
591,1
592,1
593,1
594,0
595,1
596,0
597,1
598,1
599,1
600,1
601,1
602,0
603,1
604,1
605,0
606,0
607,1
608,0
609,0
610,0
611,0
612,0
613,0
614,0
615,0
616,0
617,0
618,1
619,1
620,0
621,0
622,0
623,0
624,0
625,0
626,1
627,1
628,1
629,1
630,0
631,0
632,0
633,1
634,1
635,0
636,0
637,1
638,0
639,0
640,0
641,0
642,0
643,1
644,0
645,0
646,1
647,1
648,0
649,1
650,1
651,0
652,0
653,0
654,1
655,0
656,0
657,1
658,1
659,0
660,0
661,1
662,0
663,1
664,0
665,1
666,1
667,0
668,1
669,0
670,0
671,1
672,1
673,1
674,0
675,0
676,0
677,0
678,0
679,0
680,1
681,0
682,1
683,0
684,0
685,1
686,1
687,1
688,0
689,1
690,0
691,0
692,0
693,0
694,1
695,1
696,1
697,1
698,1
699,1
700,1
701,1
702,0
703,0
704,1
705,1
706,0
707,0
708,1
709,1
710,0
711,0
712,0
713,1
714,0
715,1
716,1
717,0
718,1
719,1
720,0
721,0
722,0
723,0
724,0
725,0
726,0
727,1
728,1
729,1
730,1
731,1
732,1
733,1
734,0
735,1
736,1
737,0
738,1
739,1
740,0
741,0
742,1
743,0
744,1
745,1
746,1
747,0
748,1
749,1
750,1
751,0
752,0
753,1
754,0
755,0
756,0
757,1
758,0
759,0
760,1
761,0
762,1
763,1
764,0
765,0
766,0
767,0
768,1
769,0
770,1
771,0
772,1
773,1
774,0
775,0
776,0
777,0
778,0
779,0
780,0
781,0
782,0
783,0
784,0
785,1
786,0
787,1
788,0
789,0
790,0
791,0
792,0
793,0
794,0
795,0
796,0
797,1
798,0
799,0
800,0
801,1
802,0
803,0
804,1
805,0
806,0
807,0
808,1
809,0
810,1
811,0
812,1
813,1
814,0
815,0
816,0
817,0
818,1
819,0
820,1
821,0
822,1
823,1
824,0
825,0
826,1
827,0
828,0
829,0
830,0
831,0
832,1
833,0
834,1
835,0
836,1
837,1
838,1
839,1
840,0
841,0
842,0
843,0
844,1
845,0
846,0
847,0
848,1
849,0
850,1
851,1
852,0
853,1
854,0
855,0
856,1
857,0
858,1
859,0
860,0
861,0
862,1
863,0
864,0
865,0
866,1
867,1
868,1
869,0
870,0
871,1
872,0
873,0
874,0
875,1
876,0
877,1
878,0
879,0
880,0
881,0
882,0
883,1
884,0
885,0
886,0
887,1
888,1
889,1
890,1
891,0
892,0
893,1
894,1
895,1
896,0
897,1
898,1
899,0
900,1
901,1
902,0
903,1
904,1
905,0
906,0
907,0
908,1
909,0
910,1
911,0
912,1
913,1
914,1
915,1
916,0
917,0
918,0
919,0
920,0
921,0
922,0
923,0
924,0
925,0
926,0
927,1
928,1
929,0
930,0
931,1
932,1
933,1
934,0
935,1
936,0
937,0
938,1
939,0
940,1
941,0
942,0
943,1
944,1
945,1
946,0
947,0
948,1
949,0
950,0
951,0
952,0
953,0
954,1
955,0
956,0
957,0
958,1
959,0
960,1
961,0
962,0
963,0
964,0
965,0
966,1
967,0
968,0
969,0
970,1
971,1
972,1
973,0
974,1
975,1
976,1
977,0
978,0
979,1
980,1
981,1
982,0
983,0
984,0
985,0
986,0
987,0
988,0
989,1
990,0
991,0
992,0
993,1
994,1
995,0
996,1
997,0
998,0
999,0
1000,0
1001,1
1002,1
1003,1
1004,1
1005,1
1006,0
1007,0
1008,1
1009,0
1010,0
1011,1
1012,1
1013,1
1014,1
1015,1
1016,0
1017,0
1018,0
1019,0
1020,1
1021,1
1022,0
1023,0
1024,0
1025,0
1026,1
1027,0
1028,1
1029,0
1030,1
1031,0
1032,0
1033,0
1034,0
1035,1
1036,0
1037,0
1038,0
1039,0
1040,1
1041,0
1042,1
1043,1
1044,1
1045,0
1046,1
1047,1
1048,1
1049,1
1050,0
1051,0
1052,0
1053,0
1054,0
1055,1
1056,0
1057,0
1058,1
1059,0
1060,1
1061,0
1062,0
1063,1
1064,0
1065,1
1066,1
1067,0
1068,1
1069,0
1070,0
1071,0
1072,1
1073,1
1074,0
1075,1
1076,1
1077,1
1078,1
1079,0
1080,0
1081,0
1082,1
1083,1
1084,0
1085,1
1086,0
1087,0
1088,0
1089,1
1090,1
1091,1
1092,1
1093,1
1094,0
1095,0
1096,0
1097,0
1098,0
1099,1
1100,0
1101,0
1102,1
1103,1
1104,0
1105,0
1106,1
1107,0
1108,0
1109,1
1110,1
1111,0
1112,1
1113,1
1114,0
1115,0
1116,0
1117,0
1118,0
1119,1
1120,0
1121,0
1122,0
1123,0
1124,1
1125,1
1126,1
1127,1
1128,0
1129,1
1130,0
1131,0
1132,1
1133,1
1134,0
1135,1
1136,0
1137,1
1138,0
1139,1
1140,1
1141,1
1142,1
1143,0
1144,0
1145,1
1146,0
1147,0
1148,1
1149,1
1150,1
1151,0
1152,1
1153,0
1154,0
1155,0
1156,0
1157,0
1158,0
1159,1
1160,0
1161,0
1162,1
1163,0
1164,0
1165,1
1166,0
1167,0
1168,1
1169,0
1170,0
1171,0
1172,0
1173,1
1174,0
1175,0
1176,0
1177,0
1178,1
1179,0
1180,0
1181,1
1182,0
1183,0
1184,0
1185,1
1186,1
1187,1
1188,1
1189,1
1190,1
1191,0
1192,0
1193,0
1194,0
1195,0
1196,0
1197,0
1198,1
1199,1
1200,0
1201,1
1202,1
1203,0
1204,0
1205,0
1206,0
1207,0
1208,1
1209,1
1210,0
1211,1
1212,1
1213,0
1214,0
1215,1
1216,0
1217,1
1218,1
1219,1
1220,1
1221,1
1222,0
1223,0
1224,0
1225,0
1226,0
1227,1
1228,1
1229,0
1230,1
1231,0
1232,1
1233,1
1234,0
1235,1
1236,0
1237,0
1238,1
1239,1
1240,1
1241,0
1242,1
1243,1
1244,0
1245,0
1246,1
1247,0
1248,1
1249,1
1250,0
1251,0
1252,0
1253,0
1254,0
1255,0
1256,1
1257,1
1258,1
1259,0
1260,0
1261,0
1262,1
1263,1
1264,0
1265,1
1266,1
1267,1
1268,0
1269,1
1270,0
1271,1
1272,0
1273,0
1274,0
1275,0
1276,0
1277,0
1278,0
1279,0
1280,0
1281,0
1282,0
1283,1
1284,1
1285,0
1286,1
1287,1
1288,0
1289,0
1290,0
1291,1
1292,0
1293,0
1294,1
1295,0
1296,1
1297,1
1298,1
1299,0
1300,1
1301,1
1302,0
1303,0
1304,0
1305,0
1306,1
1307,0
1308,1
1309,0
1310,0
1311,0
1312,1
1313,0
1314,0
1315,1
1316,0
1317,1
1318,0
1319,1
1320,0
1321,1
1322,1
1323,0
1324,1
1325,0
1326,0
1327,0
1328,0
1329,0
1330,0
1331,1
1332,0
1333,0
1334,0
1335,1
1336,0
1337,1
1338,0
1339,1
1340,1
1341,1
1342,0
1343,0
1344,1
1345,0
1346,1
1347,0
1348,1
1349,0
1350,0
1351,0
1352,0
1353,1
1354,0
1355,0
1356,0
1357,0
1358,0
1359,0
1360,0
1361,1
1362,1
1363,0
1364,0
1365,1
1366,0
1367,0
1368,0
1369,0
1370,0
1371,1
1372,1
1373,0
1374,1
1375,0
1376,0
1377,1
1378,0
1379,1
1380,1
1381,0
1382,1
1383,1
1384,1
1385,0
1386,0
1387,1
1388,0
1389,0
1390,1
1391,0
1392,0
1393,0
1394,0
1395,0
1396,0
1397,0
1398,0
1399,0
1400,1
1401,1
1402,1
1403,0
1404,0
1405,0
1406,0
1407,1
1408,0
1409,1
1410,1
1411,0
1412,1
1413,1
1414,1
1415,0
1416,0
1417,0
1418,0
1419,1
1420,0
1421,0
1422,1
1423,1
1424,1
1425,1
1426,1
1427,0
1428,0
1429,1
1430,0
1431,0
1432,0
1433,1
1434,1
1435,0
1436,1
1437,1
1438,1
1439,0
1440,1
1441,1
1442,1
1443,1
1444,0
1445,0
1446,0
1447,1
1448,1
1449,0
1450,0
1451,1
1452,0
1453,1
1454,1
1455,1
1456,0
1457,0
1458,0
1459,1
1460,1
1461,0
1462,0
1463,0
1464,0
1465,0
1466,1
1467,0
1468,0
1469,0
1470,0
1471,0
1472,0
1473,0
1474,0
1475,0
1476,0
1477,0
1478,0
1479,1
1480,0
1481,0
1482,1
1483,1
1484,0
1485,1
1486,1
1487,1
1488,0
1489,0
1490,0
1491,1
1492,1
1493,1
1494,0
1495,1
1496,1
1497,0
1498,0
1499,1
1500,0
1501,1
1502,1
1503,1
1504,0
1505,1
1506,1
1507,1
1508,1
1509,0
1510,0
1511,0
1512,0
1513,0
1514,1
1515,1
1516,0
1517,1
1518,1
1519,0
1520,1
1521,0
1522,1
1523,0
1524,0
1525,0
1526,0
1527,0
1528,0
1529,1
1530,0
1531,1
1532,0
1533,0
1534,0
1535,0
1536,0
1537,0
1538,0
1539,1
1540,1
1541,0
1542,0
1543,1
1544,0
1545,0
1546,0
1547,0
1548,1
1549,0
1550,1
1551,1
1552,0
1553,0
1554,0
1555,0
1556,0
1557,1
1558,0
1559,0
1560,0
1561,0
1562,0
1563,0
1564,1
1565,0
1566,1
1567,1
1568,1
1569,0
1570,1
1571,1
1572,1
1573,0
1574,0
1575,0
1576,1
1577,1
1578,1
1579,0
1580,1
1581,0
1582,0
1583,1
1584,0
1585,0
1586,0
1587,1
1588,0
1589,0
1590,1
1591,0
1592,1
1593,1
1594,1
1595,0
1596,0
1597,0
1598,0
1599,0
1600,1
1601,0
1602,1
1603,0
1604,0
1605,1
1606,0
1607,1
1608,0
1609,0
1610,0
1611,1
1612,1
1613,0
1614,0
1615,1
1616,0
1617,1
1618,0
1619,0
1620,1
1621,1
1622,0
1623,0
1624,0
1625,1
1626,0
1627,0
1628,1
1629,1
1630,0
1631,1
1632,0
1633,0
1634,1
1635,1
1636,1
1637,0
1638,1
1639,1
1640,1
1641,1
1642,0
1643,0
1644,0
1645,1
1646,0
1647,1
1648,0
1649,1
1650,1
1651,1
1652,0
1653,0
1654,0
1655,0
1656,0
1657,1
1658,0
1659,0
1660,0
1661,1
1662,1
1663,1
1664,1
1665,0
1666,0
1667,1
1668,0
1669,0
1670,0
1671,0
1672,0
1673,0
1674,1
1675,0
1676,0
1677,1
1678,1
1679,0
1680,0
1681,1
1682,1
1683,0
1684,0
1685,0
1686,0
1687,1
1688,0
1689,1
1690,1
1691,0
1692,0
1693,0
1694,0
1695,1
1696,0
1697,1
1698,0
1699,0
1700,1
1701,0
1702,1
1703,0
1704,0
1705,0
1706,1
1707,1
1708,1
1709,0
1710,0
1711,0
1712,0
1713,0
1714,0
1715,0
1716,1
1717,1
1718,1
1719,1
1720,1
1721,1
1722,1
1723,0
1724,1
1725,0
1726,1
1727,0
1728,0
1729,0
1730,0
1731,0
1732,1
1733,0
1734,0
1735,0
1736,0
1737,1
1738,0
1739,0
1740,0
1741,1
1742,0
1743,0
1744,1
1745,0
1746,1
1747,0
1748,1
1749,0
1750,1
1751,0
1752,0
1753,1
1754,0
1755,1
1756,0
1757,1
1758,0
1759,1
1760,1
1761,1
1762,1
1763,1
1764,1
1765,1
1766,0
1767,0
1768,0
1769,1
1770,1
1771,1
1772,1
1773,0
1774,0
1775,0
1776,1
1777,0
1778,1
1779,1
1780,0
1781,0
1782,0
1783,1
1784,0
1785,0
1786,1
1787,0
1788,0
1789,1
1790,0
1791,0
1792,0
1793,0
1794,0
1795,0
1796,1
1797,1
1798,0
1799,1
1800,0
1801,0
1802,0
1803,0
1804,0
1805,0
1806,1
1807,0
1808,0
1809,1
1810,0
1811,0
1812,0
1813,1
1814,0
1815,0
1816,1
1817,0
1818,1
1819,0
1820,0
1821,0
1822,0
1823,1
1824,1
1825,1
1826,0
1827,0
1828,1
1829,0
1830,1
1831,0
1832,0
1833,0
1834,0
1835,0
1836,1
1837,0
1838,0
1839,0
1840,1
1841,1
1842,1
1843,0
1844,1
1845,0
1846,1
1847,0
1848,1
1849,0
1850,1
1851,1
1852,0
1853,0
1854,0
1855,0
1856,1
1857,1
1858,1
1859,0
1860,1
1861,0
1862,1
1863,0
1864,0
1865,0
1866,0
1867,1
1868,1
1869,0
1870,1
1871,0
1872,0
1873,1
1874,0
1875,0
1876,0
1877,0
1878,1
1879,0
1880,1
1881,1
1882,1
1883,1
1884,0
1885,0
1886,1
1887,1
1888,1
1889,0
1890,1
1891,0
1892,1
1893,0
1894,0
1895,1
1896,0
1897,0
1898,1
1899,1
1900,1
1901,0
1902,1
1903,0
1904,1
1905,0
1906,1
1907,1
1908,1
1909,1
1910,1
1911,1
1912,1
1913,1
1914,1
1915,0
1916,0
1917,0
1918,0
1919,0
1920,0
1921,0
1922,1
1923,0
1924,0
1925,0
1926,0
1927,0
1928,0
1929,1
1930,0
1931,0
1932,0
1933,0
1934,1
1935,1
1936,0
1937,1
1938,0
1939,0
1940,1
1941,1
1942,0
1943,0
1944,1
1945,0
1946,0
1947,0
1948,1
1949,0
1950,0
1951,1
1952,0
1953,0
1954,0
1955,1
1956,0
1957,0
1958,0
1959,0
1960,0
1961,0
1962,1
1963,0
1964,0
1965,1
1966,1
1967,1
1968,0
1969,0
1970,0
1971,1
1972,0
1973,0
1974,1
1975,0
1976,1
1977,1
1978,0
1979,1
1980,0
1981,0
1982,1
1983,1
1984,1
1985,1
1986,0
1987,0
1988,1
1989,1
1990,0
1991,1
1992,1
1993,0
1994,0
1995,0
1996,0
1997,1
1998,1
1999,1
2000,1
2001,0
2002,0
2003,0
2004,1
2005,0
2006,1
2007,0
2008,0
2009,0
2010,0
2011,0
2012,1
2013,0
2014,0
2015,1
2016,0
2017,0
2018,0
2019,0
2020,1
2021,0
2022,1
2023,0
2024,0
2025,0
2026,0
2027,0
2028,0
2029,1
2030,1
2031,1
2032,0
2033,1
2034,1
2035,0
2036,0
2037,1
2038,1
2039,1
2040,0
2041,0
2042,1
2043,0
2044,0
2045,1
2046,0
2047,0
2048,1
2049,0
2050,0
2051,1
2052,0
2053,0
2054,0
2055,0
2056,1
2057,1
2058,0
2059,1
2060,0
2061,1
2062,0
2063,1
2064,0
2065,0
2066,0
2067,1
2068,0
2069,0
2070,0
2071,0
2072,1
2073,0
2074,0
2075,0
2076,0
2077,1
2078,1
2079,0
2080,0
2081,0
2082,0
2083,0
2084,0
2085,1
2086,1
2087,0
2088,1
2089,1
2090,1
2091,0
2092,1
2093,1
2094,0
2095,0
2096,0
2097,1
2098,1
2099,0
2100,0
2101,0
2102,0
2103,0
2104,0
2105,0
2106,0
2107,1
2108,1
2109,0
2110,0
2111,0
2112,1
2113,0
2114,0
2115,0
2116,0
2117,0
2118,1
2119,0
2120,1
2121,1
2122,1
2123,1
2124,0
2125,0
2126,1
2127,1
2128,0
2129,0
2130,1
2131,1
2132,1
2133,1
2134,0
2135,0
2136,1
2137,1
2138,0
2139,0
2140,0
2141,0
2142,0
2143,1
2144,0
2145,0
2146,1
2147,1
2148,0
2149,1
2150,0
2151,0
2152,1
2153,0
2154,1
2155,1
2156,0
2157,0
2158,1
2159,0
2160,0
2161,1
2162,1
2163,1
2164,0
2165,1
2166,1
2167,0
2168,0
2169,1
2170,0
2171,1
2172,1
2173,1
2174,1
2175,0
2176,0
2177,0
2178,1
2179,1
2180,1
2181,0
2182,0
2183,0
2184,0
2185,0
2186,1
2187,1
2188,1
2189,1
2190,0
2191,1
2192,0
2193,0
2194,1
2195,0
2196,1
2197,0
2198,1
2199,0
2200,1
2201,1
2202,0
2203,0
2204,0
2205,0
2206,1
2207,0
2208,0
2209,1
2210,0
2211,1
2212,0
2213,1
2214,0
2215,0
2216,0
2217,0
2218,0
2219,1
2220,0
2221,0
2222,0
2223,0
2224,0
2225,0
2226,0
2227,1
2228,0
2229,1
2230,1
2231,0
2232,0
2233,1
2234,1
2235,0
2236,0
2237,1
2238,1
2239,0
2240,0
2241,0
2242,1
2243,1
2244,1
2245,0
2246,0
2247,0
2248,1
2249,0
2250,1
2251,1
2252,1
2253,0
2254,0
2255,1
2256,1
2257,0
2258,0
2259,1
2260,1
2261,1
2262,1
2263,1
2264,1
2265,1
2266,0
2267,0
2268,1
2269,0
2270,0
2271,0
2272,1
2273,1
2274,0
2275,0
2276,1
2277,1
2278,1
2279,0
2280,1
2281,0
2282,1
2283,0
2284,1
2285,0
2286,0
2287,1
2288,0
2289,0
2290,1
2291,1
2292,1
2293,0
2294,1
2295,1
2296,1
2297,0
2298,0
2299,1
2300,0
2301,1
2302,1
2303,0
2304,0
2305,1
2306,0
2307,1
2308,1
2309,1
2310,0
2311,0
2312,1
2313,1
2314,0
2315,0
2316,0
2317,0
2318,0
2319,0
2320,0
2321,0
2322,0
2323,0
2324,1
2325,1
2326,1
2327,0
2328,1
2329,1
2330,1
2331,1
2332,1
2333,0
2334,0
2335,0
2336,0
2337,0
2338,0
2339,1
2340,0
2341,0
2342,0
2343,1
2344,1
2345,1
2346,1
2347,1
2348,0
2349,0
2350,1
2351,1
2352,1
2353,0
2354,0
2355,1
2356,0
2357,1
2358,0
2359,0
2360,0
2361,0
2362,0
2363,0
2364,0
2365,0
2366,0
2367,1
2368,0
2369,1
2370,0
2371,1
2372,1
2373,0
2374,1
2375,0
2376,1
2377,0
2378,0
2379,0
2380,0
2381,1
2382,0
2383,1
2384,0
2385,0
2386,0
2387,0
2388,0
2389,0
2390,1
2391,0
2392,1
2393,1
2394,0
2395,0
2396,1
2397,0
2398,0
2399,1
2400,0
2401,0
2402,1
2403,1
2404,1
2405,0
2406,1
2407,1
2408,1
2409,0
2410,1
2411,0
2412,0
2413,1
2414,0
2415,1
2416,0
2417,0
2418,0
2419,0
2420,0
2421,1
2422,0
2423,0
2424,0
2425,1
2426,0
2427,0
2428,0
2429,1
2430,1
2431,0
2432,1
2433,1
2434,1
2435,0
2436,1
2437,0
2438,0
2439,1
2440,0
2441,0
2442,0
2443,1
2444,0
2445,1
2446,0
2447,1
2448,1
2449,1
2450,0
2451,0
2452,1
2453,0
2454,0
2455,1
2456,0
2457,0
2458,0
2459,0
2460,1
2461,0
2462,1
2463,0
2464,1
2465,0
2466,0
2467,1
2468,1
2469,0
2470,1
2471,0
2472,1
2473,1
2474,0
2475,0
2476,1
2477,1
2478,0
2479,1
2480,1
2481,0
2482,0
2483,1
2484,1
2485,0
2486,1
2487,0
2488,0
2489,1
2490,0
2491,0
2492,1
2493,1
2494,1
2495,0
2496,0
2497,0
2498,0
2499,0
2500,1
2501,1
2502,1
2503,1
2504,0
2505,1
2506,0
2507,1
2508,0
2509,0
2510,0
2511,0
2512,0
2513,0
2514,1
2515,1
2516,0
2517,0
2518,0
2519,1
2520,1
2521,1
2522,1
2523,1
2524,0
2525,1
2526,0
2527,1
2528,0
2529,0
2530,0
2531,1
2532,1
2533,0
2534,0
2535,1
2536,1
2537,0
2538,0
2539,0
2540,0
2541,1
2542,1
2543,0
2544,0
2545,1
2546,1
2547,1
2548,1
2549,1
2550,1
2551,0
2552,1
2553,1
2554,0
2555,1
2556,0
2557,1
2558,0
2559,1
2560,1
2561,0
2562,0
2563,0
2564,1
2565,0
2566,0
2567,0
2568,0
2569,1
2570,1
2571,0
2572,0
2573,0
2574,1
2575,1
2576,0
2577,0
2578,0
2579,0
2580,0
2581,1
2582,1
2583,1
2584,0
2585,1
2586,1
2587,1
2588,1
2589,1
2590,0
2591,0
2592,0
2593,0
2594,0
2595,0
2596,0
2597,0
2598,1
2599,0
2600,0
2601,1
2602,1
2603,1
2604,1
2605,0
2606,1
2607,0
2608,0
2609,0
2610,1
2611,0
2612,0
2613,0
2614,1
2615,1
2616,1
2617,1
2618,0
2619,0
2620,0
2621,0
2622,1
2623,0
2624,0
2625,0
2626,1
2627,0
2628,0
2629,1
2630,0
2631,1
2632,0
2633,0
2634,0
2635,0
2636,1
2637,1
2638,0
2639,0
2640,0
2641,0
2642,0
2643,0
2644,0
2645,0
2646,0
2647,0
2648,1
2649,1
2650,1
2651,0
2652,1
2653,1
2654,1
2655,0
2656,0
2657,1
2658,0
2659,0
2660,1
2661,0
2662,1
2663,1
2664,0
2665,1
2666,0
2667,0
2668,0
2669,1
2670,1
2671,1
2672,1
2673,1
2674,0
2675,1
2676,1
2677,1
2678,0
2679,0
2680,1
2681,0
2682,0
2683,0
2684,0
2685,0
2686,1
2687,1
2688,1
2689,0
2690,0
2691,1
2692,0
2693,0
2694,0
2695,1
2696,0
2697,0
2698,1
2699,0
2700,0
2701,0
2702,0
2703,1
2704,0
2705,1
2706,1
2707,0
2708,1
2709,0
2710,0
2711,0
2712,0
2713,0
2714,1
2715,1
2716,0
2717,0
2718,0
2719,0
2720,1
2721,0
2722,0
2723,1
2724,0
2725,0
2726,0
2727,0
2728,1
2729,0
2730,0
2731,1
2732,1
2733,1
2734,0
2735,0
2736,0
2737,0
2738,0
2739,0
2740,0
2741,1
2742,0
2743,1
2744,0
2745,1
2746,1
2747,1
2748,1
2749,0
2750,1
2751,0
2752,1
2753,1
2754,1
2755,0
2756,0
2757,1
2758,1
2759,1
2760,1
2761,0
2762,1
2763,0
2764,1
2765,1
2766,0
2767,0
2768,1
2769,1
2770,1
2771,0
2772,0
2773,0
2774,1
2775,0
2776,0
2777,1
2778,1
2779,0
2780,0
2781,0
2782,1
2783,1
2784,0
2785,0
2786,1
2787,0
2788,1
2789,1
2790,0
2791,0
2792,0
2793,0
2794,0
2795,1
2796,1
2797,0
2798,1
2799,0
2800,0
2801,1
2802,1
2803,0
2804,1
2805,0
2806,0
2807,1
2808,0
2809,1
2810,1
2811,0
2812,0
2813,1
2814,0
2815,1
2816,1
2817,0
2818,0
2819,1
2820,0
2821,0
2822,1
2823,1
2824,1
2825,0
2826,1
2827,1
2828,0
2829,1
2830,1
2831,1
2832,0
2833,1
2834,1
2835,0
2836,1
2837,0
2838,1
2839,0
2840,0
2841,0
2842,1
2843,0
2844,0
2845,0
2846,1
2847,1
2848,1
2849,0
2850,0
2851,1
2852,1
2853,0
2854,1
2855,0
2856,0
2857,1
2858,0
2859,1
2860,0
2861,0
2862,1
2863,1
2864,0
2865,0
2866,1
2867,1
2868,1
2869,0
2870,1
2871,0
2872,1
2873,0
2874,0
2875,0
2876,1
2877,1
2878,0
2879,1
2880,1
2881,0
2882,0
2883,0
2884,1
2885,0
2886,0
2887,0
2888,0
2889,0
2890,0
2891,1
2892,1
2893,0
2894,1
2895,0
2896,1
2897,0
2898,1
2899,0
2900,0
2901,1
2902,0
2903,1
2904,0
2905,1
2906,0
2907,1
2908,0
2909,1
2910,1
2911,0
2912,0
2913,1
2914,1
2915,0
2916,0
2917,1
2918,1
2919,0
2920,0
2921,0
2922,1
2923,0
2924,0
2925,1
2926,0
2927,1
2928,1
2929,0
2930,0
2931,1
2932,0
2933,1
2934,1
2935,1
2936,0
2937,1
2938,0
2939,1
2940,0
2941,0
2942,0
2943,1
2944,1
2945,0
2946,0
2947,1
2948,0
2949,1
2950,1
2951,0
2952,1
2953,0
2954,1
2955,1
2956,1
2957,0
2958,1
2959,1
2960,1
2961,0
2962,0
2963,0
2964,1
2965,0
2966,1
2967,1
2968,1
2969,1
2970,0
2971,1
2972,0
2973,1
2974,1
2975,0
2976,1
2977,0
2978,1
2979,0
2980,1
2981,0
2982,1
2983,0
2984,0
2985,0
2986,1
2987,0
2988,0
2989,1
2990,1
2991,0
2992,1
2993,1
2994,0
2995,0
2996,0
2997,1
2998,0
2999,0
